2.0 33.2
2.2 34.4
2.4 31.6
2.6 29.6
2.8 31.4
3.0 34.8
3.2 46
3.4 51.6
3.6 61.2
3.8 76.4
4.0 149
4.2 230.8
4.4 291.4
4.6 286.6
4.8 276.2
5.0 232.6
5.2 185.4
5.4 174.6
5.6 156.4
5.8 117.2
6.0 149.8
6.2 182.4
6.4 184.6
6.6 114.6
6.8 119.4
7.0 117.8
7.2 123.6
7.4 116.4
7.6 124.2
7.8 113.8
8.0 105.8
8.2 120.6
8.4 129.2
8.6 117.4
8.8 111
9.0 106.4
9.2 87.2
9.4 94.2
9.6 96.2
9.8 91.6
10.0 88.8
10.2 89
10.4 81.8
10.6 80.8
10.8 98.2
11.0 123.8
11.2 140.8
11.4 105.8
11.6 80.2
11.8 87.4
12.0 85
12.2 127.2
12.4 248.2
12.6 417.8
12.8 233.4
13.0 73.4
13.2 68.2
13.4 61
13.6 61.6
13.8 57.2
14.0 50
14.2 53
14.4 48.2
14.6 54.4
14.8 51
15.0 48.6
15.2 47
15.4 46
15.6 41.2
15.8 38.8
16.0 36.2
16.2 36.6
16.4 33.6
16.6 33.8
16.8 30.6
17.0 35.6
17.2 34.4
17.4 30.8
17.6 30
17.8 28
18.0 31.6
18.2 25.6
18.4 27.8
18.6 23.6
18.8 28.6
19.0 35.6
19.2 38.8
19.4 27.6
19.6 20.8
19.8 24.8
20.0 19.8
20.2 21
20.4 23.6
20.6 20.2
20.8 21
21.0 26.2
21.2 25.8
21.4 27.6
21.6 26.8
21.8 21.6
22.0 24.6
22.2 21.6
22.4 21
22.6 19.6
22.8 20.4
23.0 22.8
23.2 16.8
23.4 18.2
23.6 14.6
23.8 17.2
24.0 18.6
24.2 14.8
24.4 14.8
24.6 17
24.8 13.4
25.0 15
