2.5 12.5
3.0 19.5
3.5 185
4.0 849
4.5 1065.5
5.0 1093.5
5.5 1024
6.0 842
6.5 1467
7.0 1041
7.5 1094.5
8.0 475.5
8.5 398
9.0 332.5
9.5 260.5
10.0 209.5
10.5 184
11.0 166.5
11.5 150
12.0 131
12.5 127
13.0 340.5
13.5 118.5
14.0 118
14.5 610
15.0 122
15.5 92
16.0 77.5
16.5 67
17.0 68.5
17.5 65.5
18.0 50
18.5 58.5
19.0 48.5
19.5 63.5
20.0 50.5
20.5 36
21.0 38.5
21.5 39
22.0 96
22.5 54
23.0 28.5
23.5 28
24.0 19.5
24.5 27.5
25.0 18
25.5 25
26.0 28
26.5 26.5
27.0 18
27.5 16.5
28.0 17.5
28.5 25.5
29.0 12
29.5 17
30.0 23.5
