2.0 12.6
2.1 14
2.2 12.8
2.3 10.8
2.4 12.4
2.5 11.2
2.6 12.4
2.7 14.6
2.8 12
2.9 14.4
3.0 15
3.1 17
3.2 19.4
3.3 26.8
3.4 53.2
3.5 153.2
3.6 321.8
3.7 503.2
3.8 629.2
3.9 751
4.0 829.4
4.1 922
4.2 976.2
4.3 1004.4
4.4 1032.4
4.5 1064
4.6 1070.4
4.7 1085.2
4.8 1071
4.9 1096.2
5.0 1058.6
5.1 1049.2
5.2 1029.6
5.3 1020.4
5.4 996.2
5.5 996.2
5.6 946.2
5.7 935
5.8 889.4
5.9 865.2
6.0 825.8
6.1 839.6
6.2 940.2
6.3 1188.4
6.4 1501.2
6.5 1501.8
6.6 1222.6
6.7 867
6.8 760.6
6.9 779.6
7.0 1012.8
7.1 1833.4
7.2 2631.8
7.3 2830.2
7.4 2087.8
7.5 1108.8
7.6 674.4
7.7 531.8
7.8 496
7.9 468.4
8.0 460.8
8.1 448
8.2 405.2
8.3 399.6
8.4 397.2
8.5 380.8
8.6 363.6
8.7 350
8.8 341.2
8.9 323.8
9.0 305.4
9.1 307.4
9.2 296
9.3 272.6
9.4 269.2
9.5 251.6
9.6 236.2
9.7 227.8
9.8 222.8
9.9 217
10.0 212.6
10.1 210.4
10.2 193.8
10.3 202.4
10.4 180.2
10.5 182
10.6 165.2
10.7 160.6
10.8 172.4
10.9 165.6
11.0 151.2
11.1 149.6
11.2 159.8
11.3 144
11.4 152.6
11.5 147.2
11.6 143.4
11.7 137.4
11.8 135.2
11.9 143.2
12.0 138.4
12.1 132.4
12.2 120
12.3 126.6
12.4 130.8
12.5 134.4
12.6 142.8
12.7 176.4
12.8 239.6
12.9 312.2
13.0 329
13.1 253.6
13.2 152.6
13.3 125.2
13.4 118
13.5 115
13.6 116.4
13.7 122.2
13.8 110.6
13.9 116
14.0 103.4
14.1 109.4
14.2 115.6
14.3 132.4
14.4 260.6
14.5 540.8
14.6 759.2
14.7 702.8
14.8 373.4
14.9 158.4
15.0 107.6
15.1 100.8
15.2 94.8
15.3 97
15.4 83.2
15.5 82.8
15.6 86.8
15.7 79
15.8 87.8
15.9 82.8
16.0 75
16.1 82
16.2 77.4
16.3 72.2
16.4 72.6
16.5 67.6
16.6 72.4
16.7 67.4
16.8 64.2
16.9 64.2
17.0 66.2
17.1 59.4
17.2 58.6
17.3 63.8
17.4 62.8
17.5 57.4
17.6 55.4
17.7 56.4
17.8 56.2
17.9 58.6
18.0 57.8
18.1 51.2
18.2 53.8
18.3 51.6
18.4 50
18.5 53.6
18.6 50.8
18.7 48.8
18.8 49.2
18.9 42.4
19.0 55.2
19.1 44
19.2 51.6
19.3 47.6
19.4 49
19.5 58
19.6 78.8
19.7 82.6
19.8 69.2
19.9 51.6
20.0 40.8
20.1 37.8
20.2 46
20.3 43.4
20.4 35.8
20.5 37.6
20.6 32.8
20.7 36.2
20.8 33.4
20.9 32.2
21.0 35.8
21.1 36
21.2 32.6
21.3 36.4
21.4 33.2
21.5 34.2
21.6 34.4
21.7 39.4
21.8 39.2
21.9 45.2
22.0 85.2
22.1 138.4
22.2 169.8
22.3 161.2
22.4 103.2
22.5 55.8
22.6 33.8
22.7 31.2
22.8 29
22.9 31
23.0 24.8
23.1 29.4
23.2 26.2
23.3 29
23.4 29.8
23.5 27.2
23.6 22
23.7 27.6
23.8 22.6
23.9 25.4
24.0 26.2
24.1 20.8
24.2 21.8
24.3 25.2
24.4 27.4
24.5 25.4
24.6 21.2
24.7 21.6
24.8 21
24.9 21
25.0 21.4
25.1 17.2
25.2 23.2
25.3 20.4
25.4 20.2
25.5 18.2
25.6 24.4
25.7 20.6
25.8 21.6
25.9 17.6
26.0 20
26.1 21.4
26.2 19.8
26.3 18.8
26.4 21.4
26.5 23
26.6 24.6
26.7 24.8
26.8 20.6
26.9 20.6
27.0 19.6
27.1 20.2
27.2 19.2
27.3 14.8
27.4 20.2
27.5 17.6
27.6 20.4
27.7 18
27.8 16.6
27.9 14.6
28.0 16.8
28.1 12.2
28.2 18.4
28.3 15.6
28.4 14.6
28.5 14.6
28.6 17.4
28.7 17.6
28.8 17.4
28.9 19.2
29.0 15.8
29.1 15.6
29.2 16
29.3 14.6
29.4 15.4
29.5 16
29.6 16.6
29.7 12.6
29.8 16.4
29.9 15
30.0 22.8
30.1 34.4
30.2 41
30.3 36.2
30.4 30.8
30.5 22.4
30.6 16.6
30.7 15.6
30.8 13.8
30.9 15.8
31.0 12.4
