2.5 110
3.0 88
3.5 72
4.0 61.5
4.5 68.5
5.0 83
5.5 122.5
6.0 130
6.5 132
7.0 150
7.5 140
8.0 150
8.5 152.5
9.0 186.5
9.5 156.5
10.0 195.5
10.5 144
11.0 92.5
11.5 82
12.0 78
12.5 85
13.0 75
13.5 76.5
14.0 70.5
14.5 70
15.0 65.5
15.5 58.5
16.0 55.5
16.5 74.5
17.0 59
17.5 68
18.0 64
18.5 45
19.0 53.5
19.5 54
20.0 53.5
20.5 64
21.0 41.5
21.5 41.5
22.0 33.5
22.5 44.5
23.0 45.5
23.5 42.5
24.0 40.5
24.5 36
25.0 33.5
25.5 30
26.0 30.5
26.5 34.5
27.0 32.5
27.5 29
28.0 26
28.5 25
29.0 25.5
29.5 34.5
30.0 34
