0.0 4469.2
0.2 4654.2
0.4 5234.2
0.6 4874
0.8 1141.4
1.0 481.8
1.2 208.8
1.4 160.8
1.6 146
1.8 129.2
2.0 125.8
2.2 105.2
2.4 103
2.6 92
2.8 83.2
3.0 78
3.2 88.4
3.4 68.8
3.6 73.2
3.8 70.8
4.0 67.2
4.2 68.2
4.4 62.6
4.6 66.2
4.8 77.2
5.0 88.6
5.2 97.2
5.4 112.2
5.6 117.6
5.8 131.8
6.0 130
6.2 134
6.4 140.8
6.6 138.2
6.8 136.4
7.0 136.4
7.2 135.6
7.4 135.2
7.6 133.2
7.8 133.2
8.0 142.6
8.2 148
8.4 143.4
8.6 159
8.8 179.8
9.0 173.6
9.2 186.6
9.4 159.6
9.6 161.4
9.8 204.8
10.0 214.4
10.2 283.2
10.4 171.4
10.6 101.4
10.8 98.6
11.0 91.6
11.2 86.4
11.4 85.6
11.6 80.4
11.8 86.8
12.0 81.6
12.2 82
12.4 85
12.6 83.2
12.8 79.2
13.0 74.6
13.2 70.2
13.4 83.8
13.6 79.6
13.8 77
14.0 75.2
14.2 67.6
14.4 78.8
14.6 80.4
14.8 78.2
15.0 58.8
15.2 57.6
15.4 59.8
15.6 60.2
15.8 64.4
16.0 66.4
16.2 52.6
16.4 62
16.6 74
16.8 84.8
17.0 60.4
17.2 54.6
17.4 54.6
17.6 56
17.8 54.4
18.0 61.2
18.2 63.6
18.4 54.2
18.6 53.4
18.8 47.8
19.0 46.2
19.2 53
19.4 49.4
19.6 49.6
19.8 52.4
20.0 54.2
20.2 56.8
20.4 65.2
20.6 51.8
20.8 47.4
21.0 44.2
21.2 40.2
21.4 36.4
21.6 42.4
21.8 41
22.0 41.4
22.2 42.8
22.4 38.2
22.6 44.4
22.8 50.8
23.0 45.4
23.2 41
23.4 50.6
23.6 40.8
23.8 36.6
24.0 35.6
24.2 38
24.4 35.8
24.6 37
24.8 29.6
25.0 34.4
25.2 32.8
25.4 30.6
25.6 30.8
25.8 29.8
26.0 34.6
26.2 30.2
26.4 36
26.6 39
26.8 34
27.0 31.6
27.2 32.6
27.4 35.4
27.6 32.8
27.8 30
28.0 29.2
28.2 27.8
28.4 28.6
28.6 23.4
28.8 27
29.0 28.4
29.2 22
29.4 27.4
29.6 27.4
29.8 25.8
30.0 22.8
