17.5 60.33333333
17.6 58.53333333
17.7 55.13333333
17.8 60.8
17.9 64.13333333
18.0 66.33333333
18.1 58.26666667
18.2 57.93333333
18.3 53.53333333
18.4 51.86666667
18.5 52.8
18.6 51.93333333
18.7 53.33333333
18.8 49.26666667
18.9 52.66666667
19.0 50.4
19.1 49.6
19.2 47.93333333
19.3 47.26666667
19.4 48.66666667
19.5 47.53333333
19.6 45.66666667
19.7 47.46666667
19.8 51.73333333
19.9 52.2
20.0 50.26666667
20.1 55.8
20.2 59.93333333
20.3 67.13333333
20.4 68.8
20.5 60.46666667
20.6 53.06666667
20.7 48
20.8 46.86666667
20.9 45.66666667
21.0 42.06666667
