2.5 19
3.0 13
3.5 9.5
4.0 10.5
4.5 11
5.0 11.5
5.5 14.5
6.0 20
6.5 21
7.0 12
7.5 23
8.0 26.5
8.5 38
9.0 34
9.5 29
10.0 34.5
10.5 39
11.0 36
11.5 35.5
12.0 39
12.5 45.5
13.0 31
13.5 61.5
14.0 33
14.5 48
15.0 52.5
15.5 40
16.0 35.5
16.5 32
17.0 37.5
17.5 30
18.0 29.5
18.5 36.5
19.0 21.5
19.5 27
20.0 25
20.5 20
21.0 23.5
21.5 19
22.0 22.5
22.5 14.5
23.0 20
23.5 19.5
24.0 19
24.5 21.5
25.0 15.5
25.5 21
26.0 15.5
26.5 13
27.0 15.5
27.5 24
28.0 20
28.5 15.5
29.0 15
29.5 15.5
30.0 13
30.5 14.5
31.0 16.5
31.5 27.5
32.0 20.5
32.5 12
33.0 13.5
33.5 11
34.0 16.5
34.5 16.5
35.0 11
35.5 12
36.0 14.5
36.5 16.5
37.0 13.5
37.5 9
38.0 9
38.5 7.5
39.0 12.5
39.5 8
40.0 10.5
40.5 13.5
41.0 14
41.5 10
42.0 11.5
42.5 10.5
43.0 12
43.5 9.5
44.0 6
44.5 10
45.0 10
