5.0 11.14285714
5.2 13.85714286
5.4 11.85714286
5.6 13.71428571
5.8 12.28571429
6.0 13.85714286
6.2 15.85714286
6.4 15.14285714
6.6 15.14285714
6.8 14.85714286
7.0 16
7.2 18.28571429
7.4 17.14285714
7.6 24
7.8 24.14285714
8.0 25.57142857
8.2 29
8.4 28.28571429
8.6 27
8.8 30.71428571
9.0 29.57142857
9.2 32.42857143
9.4 32.57142857
9.6 39.28571429
9.8 37.57142857
10.0 40.14285714
10.2 38.14285714
10.4 37.42857143
10.6 36.57142857
10.8 36.85714286
11.0 40.57142857
11.2 39.71428571
11.4 38.71428571
11.6 34.85714286
11.8 37
12.0 38.42857143
12.2 36.14285714
12.4 37.42857143
12.6 37.85714286
12.8 33.57142857
13.0 40.85714286
13.2 42.14285714
13.4 54.71428571
13.6 66.57142857
13.8 40.42857143
14.0 34.57142857
14.2 38.71428571
14.4 39.42857143
14.6 41.85714286
14.8 38.42857143
15.0 53.42857143
15.2 162.8571429
15.4 90.14285714
15.6 41.42857143
15.8 32.14285714
16.0 34.42857143
16.2 32.85714286
16.4 34.42857143
16.6 38
16.8 32
17.0 32.14285714
17.2 30.14285714
17.4 33.85714286
17.6 29
17.8 30.14285714
18.0 26.71428571
18.2 26.71428571
18.4 30.14285714
18.6 28
18.8 30.28571429
19.0 29
19.2 29.28571429
19.4 30.42857143
19.6 27
19.8 28.85714286
20.0 24.71428571
20.2 24.85714286
20.4 25.57142857
20.6 29.57142857
20.8 20.71428571
21.0 21.57142857
21.2 23.85714286
21.4 21.28571429
21.6 25
21.8 23.14285714
22.0 20.57142857
22.2 20.14285714
22.4 22
22.6 22.14285714
22.8 22.28571429
23.0 19.85714286
23.2 18.71428571
23.4 20.57142857
23.6 21.42857143
23.8 20.85714286
24.0 21.71428571
24.2 20.14285714
24.4 19.28571429
24.6 16.85714286
24.8 18.71428571
25.0 19.85714286
25.2 16.85714286
25.4 19.14285714
25.6 14.71428571
25.8 19.57142857
26.0 19.14285714
26.2 16.28571429
26.4 16
26.6 17.28571429
26.8 15.28571429
27.0 16.85714286
27.2 16.85714286
27.4 17.42857143
27.6 20.42857143
27.8 20.85714286
28.0 16.42857143
28.2 15.14285714
28.4 14.14285714
28.6 15.57142857
28.8 16.85714286
29.0 14.57142857
29.2 14.28571429
29.4 16.71428571
29.6 15.42857143
29.8 13.71428571
30.0 14.57142857
30.2 18.28571429
30.4 14.28571429
30.6 15.71428571
30.8 13.42857143
31.0 13.85714286
31.2 15.42857143
31.4 20.14285714
31.6 33.85714286
31.8 28
32.0 15.42857143
32.2 15.14285714
32.4 13.71428571
32.6 12.28571429
32.8 12.42857143
33.0 14.57142857
