2.0 9
2.5 6
3.0 10
3.5 12.5
4.0 6.5
4.5 12.5
5.0 19
5.5 33
6.0 43.5
6.5 30
7.0 34
7.5 34.5
8.0 29.5
8.5 29.5
9.0 28
9.5 45.5
10.0 42
10.5 49.5
11.0 66
11.5 55.5
12.0 71.5
12.5 63.5
13.0 56.5
13.5 50
14.0 53.5
14.5 56
15.0 55
15.5 48
16.0 49.5
16.5 53.5
17.0 60
17.5 55
18.0 50
18.5 55
19.0 58.5
19.5 47
20.0 49.5
20.5 49
21.0 54
21.5 51
22.0 46
22.5 53.5
23.0 55.5
23.5 47.5
24.0 43.5
24.5 38
25.0 39.5
25.5 45.5
26.0 41.5
26.5 34
27.0 44.5
27.5 41
28.0 39
28.5 38.5
29.0 39.5
29.5 35.5
30.0 40
30.5 35
31.0 40.5
31.5 36
32.0 38.5
32.5 51
33.0 33.5
33.5 35.5
34.0 37
34.5 30
35.0 37.5
35.5 30
36.0 32.5
36.5 34
37.0 32.5
37.5 26
38.0 29.5
38.5 32
39.0 33
39.5 31.5
40.0 28.5
