2.0 24.5
2.5 26
3.0 33.5
3.5 33.5
4.0 45
4.5 45.5
5.0 276.5
5.5 487.5
6.0 604.5
6.5 649
7.0 664
7.5 636
8.0 630
8.5 584
9.0 830.5
9.5 524
10.0 2950
10.5 469.5
11.0 394.5
11.5 365.5
12.0 322.5
12.5 271.5
13.0 227
13.5 202.5
14.0 186
14.5 165
15.0 170
15.5 140.5
16.0 130.5
16.5 126
17.0 136
17.5 121
18.0 273
18.5 116.5
19.0 122.5
19.5 116.5
20.0 121
20.5 648
21.0 114
21.5 102
22.0 86.5
22.5 87.5
23.0 82.5
23.5 73.5
24.0 86
24.5 69.5
25.0 63
25.5 58.5
26.0 68
26.5 58
27.0 67
27.5 64.5
28.0 70
28.5 49.5
29.0 49.5
29.5 52.5
30.0 55
30.5 43
31.0 49
31.5 87.5
32.0 80
32.5 43
33.0 43
33.5 42
34.0 39.5
34.5 37
35.0 35
35.5 26
36.0 36.5
36.5 37.5
37.0 37.5
37.5 40.5
38.0 44
38.5 37
39.0 30
39.5 28
40.0 30
