4.0 34.85714286
4.2 41.57142857
4.4 44.57142857
4.6 55.28571429
4.8 167.2857143
5.0 312.4285714
5.2 389.4285714
5.4 474.8571429
5.6 533
5.8 578.1428571
6.0 615
6.2 626.4285714
6.4 628.5714286
6.6 653.2857143
6.8 654.8571429
7.0 671.2857143
7.2 643.2857143
7.4 636.8571429
7.6 636.1428571
7.8 617.1428571
8.0 621.1428571
8.2 575.8571429
8.4 561.4285714
8.6 743
8.8 1385.142857
9.0 860.7142857
9.2 542
9.4 536
9.6 541.1428571
9.8 1837.714286
10.0 2914.428571
10.2 778.4285714
10.4 453.4285714
10.6 428.5714286
10.8 414.4285714
11.0 392
11.2 384.5714286
11.4 366
11.6 349.7142857
11.8 319.8571429
12.0 309.5714286
12.2 287.2857143
12.4 275.2857143
12.6 275.5714286
12.8 254.7142857
13.0 242.7142857
13.2 214.7142857
13.4 201
13.6 196.4285714
13.8 189.4285714
14.0 188.1428571
14.2 182.1428571
14.4 170.1428571
14.6 167.5714286
14.8 158.4285714
15.0 164
15.2 152.1428571
15.4 154.1428571
15.6 153.7142857
15.8 139.2857143
16.0 131.7142857
16.2 133.2857143
16.4 132.4285714
16.6 129.5714286
16.8 125.8571429
17.0 121.1428571
17.2 124.7142857
17.4 122.2857143
17.6 135.2857143
17.8 152.7142857
18.0 258.2857143
18.2 209
18.4 117.1428571
18.6 117.4285714
18.8 113.4285714
19.0 112.4285714
19.2 110.5714286
19.4 108
19.6 101.8571429
19.8 104.7142857
20.0 105.2857143
20.2 174.7142857
20.4 608
20.6 409.4285714
20.8 120.2857143
21.0 102.5714286
21.2 96.42857143
21.4 100.7142857
21.6 87.42857143
21.8 92.42857143
22.0 87
22.2 86.14285714
22.4 83.57142857
22.6 80.28571429
22.8 76.85714286
23.0 78.42857143
23.2 78.28571429
23.4 76.42857143
23.6 74.14285714
23.8 67.71428571
24.0 68.85714286
24.2 66.57142857
24.4 66.28571429
24.6 69.42857143
24.8 67.28571429
25.0 67.85714286
25.2 65.57142857
25.4 61.57142857
25.6 67.28571429
25.8 65.42857143
26.0 65.71428571
26.2 65.14285714
26.4 62.28571429
26.6 57.57142857
26.8 53.14285714
27.0 53.71428571
27.2 62.14285714
27.4 59.85714286
27.6 60.85714286
27.8 74.42857143
28.0 67.57142857
28.2 50
28.4 50.85714286
28.6 51.42857143
28.8 48.14285714
29.0 53.85714286
29.2 49.14285714
29.4 46
29.6 48.42857143
29.8 51
30.0 47.57142857
30.2 47.28571429
30.4 46
30.6 48.85714286
30.8 41.14285714
31.0 46.42857143
31.2 47
31.4 52.71428571
31.6 112.8571429
31.8 119.7142857
32.0 71
32.2 44.71428571
32.4 41.85714286
32.6 40
32.8 39.42857143
33.0 43.57142857
