5.0 13.42857143
5.2 14
5.4 14.42857143
5.6 15.42857143
5.8 17.71428571
6.0 17.71428571
6.2 19.28571429
6.4 17.14285714
6.6 15.42857143
6.8 15.85714286
7.0 15
7.2 19
7.4 22.57142857
7.6 24.14285714
7.8 27.42857143
8.0 26.57142857
8.2 30
8.4 29.85714286
8.6 35.14285714
8.8 33.71428571
9.0 36.42857143
9.2 31
9.4 35.85714286
9.6 42.28571429
9.8 38.85714286
10.0 40.85714286
10.2 44.28571429
10.4 42.85714286
10.6 43.42857143
10.8 37.28571429
11.0 44
11.2 43.28571429
11.4 41.42857143
11.6 40.42857143
11.8 38.85714286
12.0 37.71428571
12.2 47.14285714
12.4 39.71428571
12.6 37.71428571
12.8 42.57142857
13.0 44.14285714
13.2 53.14285714
13.4 78.42857143
13.6 52.71428571
13.8 41.71428571
14.0 40.42857143
14.2 41.28571429
14.4 36.57142857
14.6 42.42857143
14.8 41.85714286
15.0 135
15.2 194.2857143
15.4 47
15.6 37.71428571
15.8 36.57142857
16.0 39.42857143
16.2 34.42857143
16.4 34.85714286
16.6 33.42857143
16.8 37.28571429
17.0 36.28571429
17.2 32
17.4 32.14285714
17.6 31.14285714
17.8 37.14285714
18.0 32.85714286
18.2 33
18.4 33.28571429
18.6 35.28571429
18.8 35.85714286
19.0 27.85714286
19.2 30.14285714
19.4 33.71428571
19.6 30
19.8 30.42857143
20.0 26.71428571
20.2 28.85714286
20.4 25.14285714
20.6 25.42857143
20.8 24.71428571
21.0 25
21.2 24.42857143
21.4 27
21.6 24
21.8 23.14285714
22.0 22.42857143
22.2 25.85714286
22.4 22.14285714
22.6 23.71428571
22.8 22.42857143
23.0 20.14285714
23.2 21
23.4 20.42857143
23.6 21.14285714
23.8 22.28571429
24.0 23.28571429
24.2 23.42857143
24.4 22
24.6 21.28571429
24.8 18.28571429
25.0 20.42857143
25.2 18.57142857
25.4 20.14285714
25.6 19.57142857
25.8 19.14285714
26.0 19.71428571
26.2 18.14285714
26.4 16.14285714
26.6 20.28571429
26.8 21.14285714
27.0 22.14285714
27.2 21.57142857
27.4 20.71428571
27.6 27.85714286
27.8 28.28571429
28.0 17.57142857
28.2 20.28571429
28.4 17.42857143
28.6 20.14285714
28.8 16.42857143
29.0 17.28571429
29.2 18.28571429
29.4 13.85714286
29.6 16.85714286
29.8 14.85714286
30.0 17.14285714
30.2 15.42857143
30.4 16.42857143
30.6 15.28571429
30.8 15.14285714
31.0 14.85714286
31.2 18.14285714
31.4 36.85714286
31.6 39.42857143
31.8 24.14285714
32.0 16.14285714
32.2 17.42857143
32.4 16.57142857
32.6 16
32.8 14.14285714
33.0 15.42857143
