2.5 39
3.0 31.5
3.5 44
4.0 113.5
4.5 169
5.0 109
5.5 91
6.0 112
6.5 80
7.0 75.5
7.5 81
8.0 83
8.5 80.5
9.0 58.5
9.5 55.5
10.0 58
10.5 53.5
11.0 80
11.5 41
12.0 83.5
12.5 189.5
13.0 40
13.5 44
14.0 38.5
14.5 35
15.0 39
15.5 31.5
16.0 26.5
16.5 24.5
17.0 28.5
17.5 24.5
18.0 21.5
18.5 23
19.0 22.5
19.5 24
20.0 25
20.5 18.5
21.0 22
21.5 25
22.0 19.5
22.5 18.5
23.0 20.5
23.5 18
24.0 19.5
24.5 16.5
25.0 14
25.5 17.5
26.0 11.5
26.5 15.5
27.0 17
27.5 16
28.0 14.5
28.5 14.5
29.0 13
29.5 10
30.0 16
30.5 14
31.0 10.5
31.5 10
32.0 11
32.5 11
33.0 9
