2.0 31.71428571
2.2 31.85714286
2.4 31
2.6 30
2.8 32
3.0 33.85714286
3.2 34.57142857
3.4 46.57142857
3.6 49.28571429
3.8 70.14285714
4.0 123.1428571
4.2 153.8571429
4.4 167.4285714
4.6 164.2857143
4.8 140.2857143
5.0 116.8571429
5.2 102.7142857
5.4 91.14285714
5.6 89.57142857
5.8 100.8571429
6.0 111.8571429
6.2 103.4285714
6.4 71.71428571
6.6 72.85714286
6.8 80.71428571
7.0 85.28571429
7.2 82.57142857
7.4 82.42857143
7.6 75
7.8 79.85714286
8.0 86
8.2 87.71428571
8.4 77.28571429
8.6 62.28571429
8.8 61
9.0 55.85714286
9.2 57.42857143
9.4 57.57142857
9.6 49.85714286
9.8 56.85714286
10.0 53.28571429
10.2 54
10.4 52.57142857
10.6 63.85714286
10.8 71.57142857
11.0 81
11.2 67
11.4 49
11.6 50.28571429
11.8 65.57142857
12.0 84.71428571
12.2 137.5714286
12.4 156.1428571
12.6 125
12.8 47.71428571
13.0 47.28571429
13.2 43
13.4 44.14285714
13.6 35.85714286
13.8 36.85714286
14.0 39.28571429
14.2 34.14285714
14.4 35
14.6 37.85714286
14.8 34
15.0 34.57142857
15.2 30.85714286
15.4 33
15.6 31.14285714
15.8 29.85714286
16.0 29.14285714
16.2 28.42857143
16.4 27
16.6 26.85714286
16.8 26
17.0 25.14285714
17.2 22.71428571
17.4 26.14285714
17.6 24
17.8 23.42857143
18.0 21.71428571
18.2 26.14285714
18.4 23
18.6 26.85714286
18.8 25.57142857
19.0 26.14285714
19.2 20.57142857
19.4 20.42857143
19.6 22.14285714
19.8 20.71428571
20.0 20.71428571
