4.0 1.428571429
4.2 1.285714286
4.4 2.285714286
4.6 2.428571429
4.8 2
5.0 6.285714286
5.2 8.714285714
5.4 13.85714286
5.6 14.14285714
5.8 17
6.0 17.71428571
6.2 19.57142857
6.4 19.14285714
6.6 20.57142857
6.8 19.71428571
7.0 23.85714286
7.2 20.85714286
7.4 19.57142857
7.6 20.28571429
7.8 17.85714286
8.0 21.71428571
8.2 21.28571429
8.4 19.14285714
8.6 22.85714286
8.8 36.57142857
9.0 45
9.2 17.42857143
9.4 18.42857143
9.6 17.28571429
9.8 20
10.0 108.4285714
10.2 100.4285714
10.4 18.57142857
10.6 12.42857143
10.8 14.42857143
11.0 14.28571429
11.2 11.57142857
11.4 12.14285714
11.6 11
11.8 12.28571429
12.0 9
12.2 10.85714286
12.4 9.142857143
12.6 9.428571429
12.8 8.714285714
13.0 8.142857143
13.2 6.571428571
13.4 4.428571429
13.6 6.428571429
13.8 4.714285714
14.0 6
14.2 6
14.4 5.714285714
14.6 7.285714286
14.8 5
15.0 4.714285714
15.2 4.571428571
15.4 3.714285714
15.6 5
15.8 4.714285714
16.0 4.571428571
16.2 3.857142857
16.4 4.428571429
16.6 5
16.8 3.285714286
17.0 3.571428571
17.2 4
17.4 3.714285714
17.6 3.571428571
17.8 5.285714286
18.0 4.428571429
18.2 8.714285714
18.4 5.142857143
18.6 3.428571429
18.8 3.857142857
19.0 3.714285714
19.2 3.428571429
19.4 3.142857143
19.6 2.142857143
19.8 2.285714286
20.0 3.714285714
20.2 4.142857143
20.4 9
20.6 20.57142857
20.8 8.714285714
21.0 2.428571429
21.2 2.142857143
21.4 3.428571429
21.6 2.142857143
21.8 4.285714286
22.0 2.571428571
22.2 2.285714286
22.4 2.571428571
22.6 3.285714286
22.8 2.285714286
23.0 2.857142857
23.2 3.285714286
23.4 1.571428571
23.6 3
23.8 1.428571429
24.0 2
24.2 2.142857143
24.4 1.857142857
24.6 2.857142857
24.8 3.285714286
25.0 4.428571429
25.2 3.142857143
25.4 3.571428571
25.6 2.571428571
25.8 2.285714286
26.0 2.285714286
26.2 2
26.4 2.857142857
26.6 2.571428571
26.8 1.857142857
27.0 2.857142857
27.2 2.714285714
27.4 1.714285714
27.6 2.285714286
27.8 3.857142857
28.0 3.142857143
28.2 2.142857143
28.4 1.714285714
28.6 2.428571429
28.8 1.857142857
29.0 2.428571429
29.2 2.571428571
29.4 2
29.6 1.142857143
29.8 2.285714286
30.0 2
30.2 2.142857143
30.4 1.571428571
30.6 1.857142857
30.8 1.285714286
31.0 1.285714286
31.2 1.714285714
31.4 1.571428571
31.6 1.428571429
31.8 4.428571429
32.0 2.714285714
32.2 1.428571429
32.4 2.142857143
32.6 1.285714286
32.8 1.142857143
33.0 2.571428571
